0.0,8.66806694279241
22.531280739639385,8.66806694279241
22.531280739639385,9.137765151515152
0.0,9.137765151515152
end
0.0,0.49816476682715
3.045921717171717,0.49816476682715
3.045921717171717,8.653833663740206
0.0,8.653833663740206
end
7.984869548286604,7.515171339563863
9.607463360237892,7.515171339563863
9.607463360237892,8.653833663740206
7.984869548286604,8.653833663740206
end
12.923817379401491,7.515171339563863
14.475244796091758,7.515171339563863
14.475244796091758,8.653833663740206
12.923817379401491,8.653833663740206
end
19.485359022467666,0.49816476682715
22.531280739639385,0.49816476682715
22.531280739639385,8.653833663740206
19.485359022467666,8.653833663740206
end
3.0601549962239214,7.984869548286604
3.4729200887378457,7.984869548286604
3.4729200887378457,8.027569385443217
3.0601549962239214,8.027569385443217
end
19.058360650901538,7.984869548286604
19.471125743415463,7.984869548286604
19.471125743415463,8.027569385443217
19.058360650901538,8.027569385443217
end
3.0601549962239214,2.3057912064570942
4.2272838785046725,2.3057912064570942
4.2272838785046725,6.846207224110262
3.0601549962239214,6.846207224110262
end
18.289763582082507,2.3057912064570942
19.471125743415463,2.3057912064570942
19.471125743415463,6.846207224110262
18.289763582082507,6.846207224110262
end
4.241517157556877,2.6616231827622014
5.451345876994242,2.6616231827622014
5.451345876994242,6.490375247805154
4.241517157556877,6.490375247805154
end
17.06570158359294,2.6616231827622014
18.275530303030305,2.6616231827622014
18.275530303030305,6.490375247805154
17.06570158359294,6.490375247805154
end
8.112969059756443,3.4159869725290286
14.375611842726329,3.4159869725290286
14.375611842726329,5.736011458038327
8.112969059756443,5.736011458038327
end
7.984869548286604,0.49816476682715
9.650163197394505,0.49816476682715
9.650163197394505,1.69376020721231
7.984869548286604,1.69376020721231
end
12.923817379401491,0.49816476682715
14.617577586613802,0.49816476682715
14.617577586613802,1.69376020721231
12.923817379401491,1.69376020721231
end
3.0601549962239214,1.1101957660719344
3.48715336779005,1.1101957660719344
3.48715336779005,1.1671288822807515
3.0601549962239214,1.1671288822807515
end
19.058360650901538,1.1101957660719344
19.471125743415463,1.1101957660719344
19.471125743415463,1.1671288822807515
19.058360650901538,1.1671288822807515
end
0.0,0.014233279052204286
22.531280739639385,0.014233279052204286
22.531280739639385,0.4839314877749457
0.0,0.4839314877749457
end
